% fname: elevator_nodes_Elevator_nodes_scenarios_elevator_nodes_84_percent_with_pillar_txt__routing_xyz__sel_random__topology_4x4x4__traffic_transpose1__.m
% ./Elevator-First -elevator_nodes Elevator_nodes_scenarios/elevator_nodes_84_percent_with_pillar.txt -routing xyz -sel random -dimx 4 -dimy 4 -traffic transpose1  -sim 10000 -warmup 1000 -size 8 8 -buffer 4 

function [max_pir, max_throughput, min_delay] = elevator_nodes_Elevator_nodes_scenarios_elevator_nodes_84_percent_with_pillar_txt__routing_xyz__sel_random__topology_4x4x4__traffic_transpose1__(symbol)

data = [
%             pir      avg_delay     throughput      max_delay   total_energy       rpackets         rflits
            0.001        23.5503     0.00707292             75     2.7458e-07            576           4074
            0.001        22.3862     0.00715799             84    2.77188e-07            580           4123
            0.001        22.8448     0.00687847             86    2.65573e-07            554           3962
            0.001        23.6223     0.00739757             93    2.97036e-07            601           4261
            0.001        22.9454     0.00698785             77    2.68721e-07            568           4025
            0.001        23.6462     0.00746181            101     2.8472e-07            602           4298
            0.001        22.9223     0.00731424             71    2.78044e-07            592           4213
            0.001         22.677     0.00678299             91    2.61031e-07            548           3907
            0.001         23.703     0.00732118            131    2.80486e-07            596           4217
            0.001        22.3759     0.00723785             75    2.75108e-07            588           4169
           0.0015        29.8444      0.0106406            120    4.12656e-07            855           6129
           0.0015        28.3852      0.0105781            203    4.00822e-07            849           6093
           0.0015         27.055      0.0104045            109    4.02859e-07            837           5993
           0.0015        26.9046      0.0100972            186    3.88261e-07            818           5816
           0.0015        29.5598      0.0101944            132    4.01867e-07            820           5872
           0.0015        28.7834      0.0107205            155    4.11695e-07            868           6175
           0.0015        28.1809      0.0109236            180    4.24292e-07            879           6292
           0.0015        27.8843      0.0107969            145    4.15138e-07            864           6219
           0.0015        27.3265      0.0109722            155    4.20314e-07            879           6320
           0.0015        27.6406      0.0102674            184    4.03071e-07            832           5914
            0.002        42.9704      0.0140451            470    5.36419e-07           1114           8090
            0.002        39.8777      0.0135347            470    5.26496e-07           1079           7796
            0.002        38.8554      0.0136684            422    5.22658e-07           1093           7873
            0.002        41.8657      0.0141111            521    5.44875e-07           1124           8128
            0.002        45.9451      0.0144566            429    5.53375e-07           1148           8327
            0.002        39.6378       0.013434            242    5.24408e-07           1074           7738
            0.002        36.9761      0.0146979            249    5.65189e-07           1170           8466
            0.002        46.7709      0.0145052            351    5.48375e-07           1161           8355
            0.002        35.5484      0.0136944            202    5.18658e-07           1096           7888
            0.002        41.5637      0.0148142            233     5.5328e-07           1185           8533
           0.0025         91.418      0.0173715           1138    6.40986e-07           1359          10006
           0.0025        98.8627      0.0179705           1912    6.70591e-07           1406          10351
           0.0025        105.449      0.0178316           1535    6.81715e-07           1394          10271
           0.0025        104.613      0.0186319           1806    6.89093e-07           1452          10732
           0.0025        134.905      0.0177552           3128    6.60687e-07           1381          10227
           0.0025        84.7092      0.0176927            920    6.69656e-07           1379          10191
           0.0025        77.5807      0.0174549           1223    6.46904e-07           1376          10054
           0.0025        116.482       0.017901           1788    6.73145e-07           1395          10311
           0.0025        113.404      0.0181441           2236    6.83157e-07           1420          10451
           0.0025        176.283      0.0177257           4513    6.61532e-07           1382          10210
            0.003         464.15      0.0204809           7013    7.23004e-07           1554          11797
            0.003        391.836      0.0201181           7187    7.13092e-07           1522          11588
            0.003        382.683      0.0203837           7621    7.22918e-07           1548          11741
            0.003        324.385      0.0200868           4889    7.10381e-07           1525          11570
            0.003         457.77      0.0202135           8090     7.1786e-07           1537          11643
            0.003        364.235      0.0199531           5513    7.20053e-07           1516          11493
            0.003        313.852      0.0206372           6743     7.1768e-07           1562          11887
            0.003        367.493      0.0197344           7471    7.14967e-07           1502          11367
            0.003        423.239      0.0199653           8180    7.15947e-07           1511          11500
            0.003         362.37      0.0205313           7348    7.25835e-07           1555          11826
           0.0035         472.54      0.0221631           7481    7.25226e-07           1614          12367
           0.0035        488.598      0.0212708           8060    7.25595e-07           1612          12252
           0.0035        397.022       0.022026           9355    7.48494e-07           1655          12687
           0.0035         404.16      0.0233879           6323    7.28228e-07           1619          12419
           0.0035         397.27      0.0220412           7608    7.37475e-07           1610          12299
           0.0035        506.916      0.0218208           8654    7.28283e-07           1591          12176
           0.0035        441.603      0.0216349           9071     7.4417e-07           1609          12267
           0.0035        501.829      0.0223853           8666     7.3893e-07           1635          12491
           0.0035        524.261      0.0215944           8755    7.38021e-07           1605          12244
           0.0035        361.042      0.0223297           9745    7.31102e-07           1601          12259
            0.004        403.233      0.0245179           7557    7.42221e-07           1685          13019
            0.004        396.107      0.0245273           7003      7.559e-07           1695          13024
            0.004        425.221      0.0229153           7819     7.4745e-07           1714          12993
            0.004        481.737      0.0259028           7876    7.40661e-07           1689          13055
            0.004          434.7      0.0246092           9234    7.50464e-07           1667          12846
            0.004        443.597      0.0249579           8477    7.54663e-07           1686          13028
            0.004         451.54      0.0251754           7458     7.4413e-07           1681          12915
