% fname: elevator_nodes_Elevator_nodes_scenarios_elevator_nodes_40_percent_txt__routing_xyz__sel_random__topology_4x4x4__traffic_transpose1__.m
% ./Elevator-First -elevator_nodes Elevator_nodes_scenarios/elevator_nodes_40_percent.txt -routing xyz -sel random -dimx 4 -dimy 4 -traffic transpose1  -sim 10000 -warmup 1000 -size 8 8 -buffer 4 

function [max_pir, max_throughput, min_delay] = elevator_nodes_Elevator_nodes_scenarios_elevator_nodes_40_percent_txt__routing_xyz__sel_random__topology_4x4x4__traffic_transpose1__(symbol)

data = [
%             pir      avg_delay     throughput      max_delay   total_energy       rpackets         rflits
            0.005        30.7679      0.0364896            589    9.45684e-07           2874          21018
            0.005        25.0597      0.0373802            343    9.73915e-07           2950          21531
            0.005         24.371      0.0361319            627    9.35348e-07           2846          20812
            0.005        22.2039      0.0360938            221    9.42635e-07           2859          20790
            0.005         27.859      0.0365781            672    9.47814e-07           2887          21069
            0.005        24.8124      0.0365816            301     9.6067e-07           2884          21071
            0.005        22.9318      0.0350833            261     9.1701e-07           2773          20208
            0.005        21.0756      0.0351024            167    9.15495e-07           2763          20219
            0.005        24.1475      0.0356823            331     9.4663e-07           2828          20553
            0.005        24.3644      0.0353837            642    9.17782e-07           2794          20381
            0.006        34.5758      0.0426892           1200    1.12198e-06           3333          24589
            0.006        47.7566       0.044026           2658    1.14153e-06           3439          25359
            0.006        57.2419      0.0435087           3099     1.1285e-06           3398          25061
            0.006        42.0652      0.0448472           1770    1.16111e-06           3497          25832
            0.006        45.2919      0.0433733           1553     1.1393e-06           3391          24983
            0.006        32.6389       0.042941            800    1.10837e-06           3370          24734
            0.006        35.3608      0.0427917           1434    1.11867e-06           3370          24648
            0.006        31.9004      0.0427257            974    1.10156e-06           3354          24610
            0.006        47.8024      0.0424444           3086    1.10807e-06           3320          24448
            0.006         33.562      0.0430642            537    1.13853e-06           3386          24805
            0.007        119.899       0.049658           8147    1.27119e-06           3836          28603
            0.007         127.06      0.0498177           6696    1.26675e-06           3832          28695
            0.007        103.957      0.0494045           6938    1.26441e-06           3816          28457
            0.007        74.2242      0.0486076           3233    1.26033e-06           3778          27998
            0.007        120.446      0.0504323           7377    1.31075e-06           3895          29049
            0.007        111.038      0.0510451           6845    1.31029e-06           3948          29402
            0.007        73.5197      0.0498646           4814    1.28275e-06           3839          28722
            0.007        74.7273       0.050092           5674    1.28633e-06           3883          28853
            0.007        64.9916      0.0502812           3683    1.27926e-06           3907          28962
            0.007        64.5517      0.0498385           6208    1.28136e-06           3868          28707
            0.008        105.762       0.056191           8072    1.43657e-06           4313          32366
            0.008        135.781      0.0571623           8292    1.40868e-06           4303          32411
            0.008        128.983      0.0561597           5513    1.42725e-06           4293          32348
            0.008        117.886      0.0554201           7195    1.42201e-06           4264          31922
            0.008         163.98      0.0553003           7993    1.42874e-06           4229          31853
            0.008         125.16      0.0541111           8986    1.39839e-06           4144          31168
            0.008        119.008      0.0563767           8371    1.43319e-06           4317          32473
            0.008        87.2751      0.0556372           4641    1.41474e-06           4267          32047
            0.008         113.49      0.0572413           5812    1.44272e-06           4391          32971
            0.008          124.1      0.0560608           7315    1.43044e-06           4301          32291
            0.009        209.119      0.0604705           6748    1.52715e-06           4597          34831
            0.009        172.157      0.0611406           5850    1.53769e-06           4636          35217
            0.009        200.125      0.0629136           7619    1.54822e-06           4667          35672
            0.009        186.217      0.0619277           7364    1.55644e-06           4637          35113
            0.009        181.945      0.0627284           6758    1.54528e-06           4669          35567
            0.009        175.132      0.0611927           8495    1.52923e-06           4637          35247
            0.009        213.063      0.0621215           5683    1.55609e-06           4700          35782
            0.009        172.175      0.0631711           7760    1.56085e-06           4737          35818
            0.009        205.388      0.0618405           7157    1.50081e-06           4530          34507
            0.009        214.919      0.0620573           6282    1.54924e-06           4690          35745
             0.01        245.405      0.0675501           5417    1.60288e-06           4861          37085
             0.01        256.473      0.0656279           6426    1.61705e-06           4857          37211
             0.01        228.993      0.0660406           8256    1.62065e-06           4884          37445
             0.01        222.299      0.0655785           9783    1.61809e-06           4876          37183
             0.01        221.625      0.0661852           7500    1.60271e-06           4919          37527
             0.01        205.087      0.0674355           8809    1.62006e-06           4929          37629
             0.01         261.11      0.0666075           7005    1.60755e-06           4866          37167
             0.01        255.777      0.0654709           7740    1.59083e-06           4848          37122
             0.01        255.254      0.0673978           8210    1.61162e-06           4918          37608
             0.01        236.111      0.0677437           8135    1.63136e-06           4960          37801
            0.011        292.923       0.072224           8714    1.71035e-06           5219          39651
            0.011        311.219      0.0725173           8786    1.70448e-06           5209          39812
            0.011        299.164      0.0694283           9328    1.66387e-06           5065          38741
            0.011         333.66      0.0730128           9297    1.69561e-06           5222          40084
            0.011        289.752      0.0706721           6222    1.67191e-06           5060          38799
            0.011        313.091      0.0741815           8563     1.7073e-06           5218          40058
            0.011        424.042      0.0715574           8139     1.6901e-06           5106          39285
            0.011        324.597      0.0701975           8206    1.71164e-06           5216          39802
