% fname: elevator_nodes_Elevator_nodes_scenarios_elevator_nodes_20_percent_txt__routing_xyz__sel_random__topology_4x4x4__traffic_transpose1__.m
% ./Elevator-First -elevator_nodes Elevator_nodes_scenarios/elevator_nodes_20_percent.txt -routing xyz -sel random -dimx 4 -dimy 4 -traffic transpose1  -sim 10000 -warmup 1000 -size 8 8 -buffer 4 

function [max_pir, max_throughput, min_delay] = elevator_nodes_Elevator_nodes_scenarios_elevator_nodes_20_percent_txt__routing_xyz__sel_random__topology_4x4x4__traffic_transpose1__(symbol)

data = [
%             pir      avg_delay     throughput      max_delay   total_energy       rpackets         rflits
            0.005         16.088      0.0358941            104    8.74875e-07           2851          20675
            0.005        16.0439      0.0358021             94     8.7889e-07           2850          20622
            0.005        16.8959      0.0364149            169    9.06789e-07           2900          20975
            0.005        16.3214      0.0343194            109    8.58289e-07           2744          19768
            0.005        16.5575      0.0350729            101    8.68958e-07           2782          20202
            0.005        16.9299      0.0360347            134    9.00462e-07           2866          20756
            0.005        16.0247      0.0347066            100    8.71111e-07           2754          19991
            0.005        16.6869      0.0353715            144    8.80383e-07           2811          20374
            0.005        16.3711      0.0344687            114     8.5258e-07           2751          19854
            0.005        17.0133      0.0358333            132      8.978e-07           2858          20640
            0.006        18.2639       0.042375            252    1.04519e-06           3354          24408
            0.006        17.4577      0.0435764            138    1.08784e-06           3443          25100
            0.006        18.1404      0.0419861            180    1.04615e-06           3318          24184
            0.006        18.0463      0.0425642            153    1.06319e-06           3367          24517
            0.006        19.4054      0.0427569            310    1.06758e-06           3382          24628
            0.006           18.1      0.0438854            128    1.08444e-06           3471          25278
            0.006        17.5473       0.041783            254    1.03761e-06           3307          24067
            0.006        19.6779      0.0421632            242    1.04947e-06           3337          24286
            0.006        18.7991      0.0442639            195    1.09613e-06           3489          25496
            0.006        17.6587      0.0419844            179    1.04929e-06           3323          24183
            0.007        21.1108      0.0499028            331    1.24525e-06           3927          28744
            0.007        20.1769      0.0491076            153    1.21989e-06           3873          28286
            0.007        20.4521      0.0487778            180    1.19405e-06           3838          28096
            0.007         21.043       0.049599            348    1.22844e-06           3884          28569
            0.007        20.8339      0.0497726            458    1.22565e-06           3908          28669
            0.007        20.7405      0.0495174            324    1.22618e-06           3900          28522
            0.007        20.6284      0.0506927            233    1.24219e-06           3996          29199
            0.007        20.6021      0.0507587            313    1.22812e-06           3998          29237
            0.007        21.4581      0.0503906            224    1.23246e-06           3951          29025
            0.007        19.5387      0.0506927            201    1.24203e-06           3984          29199
            0.008        25.0408      0.0576528            537    1.40985e-06           4506          33208
            0.008        22.9698      0.0571493            250    1.39378e-06           4469          32918
            0.008        22.5619      0.0560781            311    1.38146e-06           4378          32301
            0.008         24.727      0.0581215            541    1.40686e-06           4520          33478
            0.008        27.7121      0.0573576            787     1.4154e-06           4491          33038
            0.008        26.3194      0.0572031            559    1.40494e-06           4489          32949
            0.008        29.7218      0.0573264           1089    1.41872e-06           4501          33020
            0.008        25.9066       0.057408            566    1.40241e-06           4487          33067
            0.008         28.637       0.058276            582    1.42808e-06           4510          33567
            0.008        24.7696      0.0573142            594    1.39352e-06           4467          33013
            0.009        37.7262      0.0652326           1154    1.59577e-06           5055          37574
            0.009        50.6447      0.0664219           1234    1.61776e-06           5150          38259
            0.009        72.4645      0.0651406           3905    1.57668e-06           5031          37521
            0.009        71.2502      0.0647934           4438    1.59235e-06           5024          37321
            0.009        62.2551      0.0650399           3730    1.58603e-06           5037          37463
            0.009        32.3144      0.0625729           1553    1.52943e-06           4863          36042
            0.009        35.4641      0.0661684           1595    1.60087e-06           5115          38113
            0.009        88.9734      0.0662205           4844    1.60404e-06           5109          38143
            0.009        45.9405      0.0648889           2228    1.59266e-06           5029          37376
            0.009        48.1456      0.0633524           4835    1.55578e-06           4919          36491
             0.01        89.0401      0.0713819           6977    1.72927e-06           5466          41116
             0.01        89.2754      0.0718003           2786    1.74512e-06           5511          41357
             0.01        79.2648      0.0727274           9391    1.74133e-06           5592          41891
             0.01        82.3864      0.0701007           8063    1.70964e-06           5375          40378
             0.01         56.436       0.072816           6075    1.75292e-06           5619          41942
             0.01         59.271      0.0695347           6140    1.69157e-06           5369          40052
             0.01        69.9917      0.0723559           6289    1.75233e-06           5572          41677
             0.01         89.756      0.0728038           5281    1.74488e-06           5557          41935
             0.01        57.1428      0.0724774           5452    1.75766e-06           5576          41747
             0.01        91.6151      0.0700399           7547    1.69729e-06           5389          40343
            0.011        116.389      0.0791597           7143    1.87765e-06           6051          45596
            0.011        105.874      0.0777569           8596    1.86534e-06           5933          44788
            0.011        168.333      0.0781493           7906    1.85824e-06           5963          45014
            0.011        107.206      0.0768368           5849    1.85425e-06           5883          44258
            0.011        95.6007      0.0787257           7727    1.89055e-06           5986          45346
            0.011         124.76      0.0757309           7125    1.85345e-06           5811          43621
            0.011        115.281      0.0771962           6668    1.85317e-06           5893          44465
            0.011        97.9208      0.0786615           7457    1.88485e-06           6001          45309
