% fname: elevator_nodes_Elevator_nodes_scenarios_elevator_nodes_84_percent_with_pillar_txt__routing_xyz__sel_random__topology_4x4x4__traffic_bitreversal__.m
% ./Elevator-First -elevator_nodes Elevator_nodes_scenarios/elevator_nodes_84_percent_with_pillar.txt -routing xyz -sel random -dimx 4 -dimy 4 -traffic bitreversal  -sim 10000 -warmup 1000 -size 8 8 -buffer 4 

function [max_pir, max_throughput, min_delay] = elevator_nodes_Elevator_nodes_scenarios_elevator_nodes_84_percent_with_pillar_txt__routing_xyz__sel_random__topology_4x4x4__traffic_bitreversal__(symbol)

data = [
%             pir      avg_delay     throughput      max_delay   total_energy       rpackets         rflits
            0.001         16.264     0.00748611             60    2.04218e-07            534           3773
            0.001        15.6371     0.00696825             54    1.88788e-07            496           3512
            0.001        15.9792     0.00673611             58    1.82747e-07            480           3395
            0.001        16.4056     0.00693056             60    1.88862e-07            498           3493
            0.001        15.9896     0.00673611             54    1.86932e-07            483           3395
            0.001        15.7221     0.00691071             44    1.85428e-07            493           3483
            0.001        16.1931     0.00728571             66    1.97114e-07            523           3672
            0.001        15.6781     0.00692063             46    1.86496e-07            494           3488
            0.001        15.8009     0.00649206             49    1.78626e-07            467           3272
            0.001        16.0725     0.00677381             58    1.89263e-07            483           3414
           0.0015        16.1038      0.0109087             81     2.8632e-07            771           5498
           0.0015        16.8632      0.0106587             83    2.80814e-07            753           5372
           0.0015        16.2999       0.010246             67    2.73249e-07            727           5164
           0.0015        16.4801      0.0102103             64    2.68918e-07            729           5146
           0.0015        16.6885      0.0107163             81    2.89842e-07            764           5401
           0.0015        16.7757      0.0107937             73    2.85701e-07            767           5440
           0.0015         17.201      0.0112897             79    3.00051e-07            801           5690
           0.0015        16.9879      0.0105317             95    2.90463e-07            743           5308
           0.0015        16.3435      0.0101865             70    2.75556e-07            722           5134
           0.0015        16.7539      0.0108175             89    2.89877e-07            768           5452
            0.002        17.5669      0.0137321             83    3.59804e-07            979           6921
            0.002        17.5374      0.0140159            109    3.63025e-07            990           7064
            0.002        17.2948      0.0130873             79    3.50298e-07            926           6596
            0.002        18.1024      0.0138036             90    3.68392e-07            977           6957
            0.002        18.1186      0.0145992             90    3.86872e-07           1029           7358
            0.002        18.1303      0.0150218            100    4.03685e-07           1059           7571
            0.002        19.5014      0.0151528            122    4.08221e-07           1069           7637
            0.002        18.6228      0.0141825             95    3.79118e-07           1002           7148
            0.002        18.0695      0.0138313             77    3.63182e-07            978           6971
            0.002        18.0984      0.0151647            113    3.99058e-07           1077           7643
           0.0025        19.1951      0.0172877            132    4.56446e-07           1220           8713
           0.0025         19.372      0.0179464            202    4.71491e-07           1266           9045
           0.0025        20.9156      0.0171627            163    4.64816e-07           1209           8650
           0.0025        18.6318      0.0174067            109    4.53311e-07           1233           8773
           0.0025        19.5214      0.0179246            133    4.73981e-07           1264           9034
           0.0025        19.8479      0.0170655            134    4.52442e-07           1210           8601
           0.0025        20.0506      0.0178909            142    4.71882e-07           1266           9017
           0.0025        21.5123      0.0179385            152    4.81911e-07           1265           9041
           0.0025        20.7195       0.017625            178    4.66086e-07           1237           8883
           0.0025        19.8008       0.017877             97    4.82488e-07           1255           9010
            0.003        22.1819      0.0212937            230    5.72931e-07           1495          10732
            0.003        21.8958      0.0210337            155    5.56641e-07           1478          10601
            0.003        24.8117      0.0211607            455    5.63716e-07           1492          10665
            0.003        23.1118      0.0206766            212    5.52174e-07           1449          10421
            0.003         21.737      0.0212163            135    5.58349e-07           1483          10693
            0.003         23.741      0.0213929            267    5.77885e-07           1498          10782
            0.003        21.1685      0.0207421            134    5.48097e-07           1448          10454
            0.003        21.2018      0.0211548            121    5.59184e-07           1477          10662
            0.003         23.117      0.0210298            190     5.6726e-07           1470          10599
            0.003        22.4326       0.020994            173    5.55565e-07           1477          10581
           0.0035        23.7037      0.0238353            176    6.23671e-07           1664          12013
           0.0035        25.3178      0.0246746            245    6.52419e-07           1718          12436
           0.0035        27.4277      0.0250159            194    6.60763e-07           1749          12608
           0.0035         25.225      0.0248631            201    6.43201e-07           1729          12531
           0.0035        27.3124      0.0253294            350    6.65939e-07           1764          12766
           0.0035        28.2085      0.0248056            370    6.42912e-07           1727          12502
           0.0035        22.7913      0.0246687            134    6.41063e-07           1730          12433
           0.0035        27.3784      0.0254821            283    6.77231e-07           1781          12843
           0.0035        25.2865       0.024879            215    6.46551e-07           1738          12539
           0.0035        27.5228      0.0252024            587    6.59092e-07           1754          12702
            0.004        40.9422      0.0299484            485    7.84339e-07           2060          15094
            0.004        35.4605      0.0280833            516    7.42365e-07           1950          14154
            0.004        44.2371        0.02925            725    7.53633e-07           2020          14742
            0.004        33.4388      0.0289008            288    7.52932e-07           1994          14566
            0.004        32.6804          0.029            400    7.63652e-07           2012          14616
            0.004        33.4882      0.0282262            431    7.49555e-07           1948          14226
            0.004        31.1865      0.0297163            349    7.61322e-07           2064          14977
