% fname: elevator_nodes_Elevator_nodes_scenarios_elevator_nodes_40_percent_txt__routing_xyz__sel_random__topology_4x4x4__traffic_bitreversal__.m
% ./Elevator-First -elevator_nodes Elevator_nodes_scenarios/elevator_nodes_40_percent.txt -routing xyz -sel random -dimx 4 -dimy 4 -traffic bitreversal  -sim 10000 -warmup 1000 -size 8 8 -buffer 4 

function [max_pir, max_throughput, min_delay] = elevator_nodes_Elevator_nodes_scenarios_elevator_nodes_40_percent_txt__routing_xyz__sel_random__topology_4x4x4__traffic_bitreversal__(symbol)

data = [
%             pir      avg_delay     throughput      max_delay   total_energy       rpackets         rflits
            0.005        13.2296      0.0345655            168    6.39073e-07           2426          17421
            0.005         12.998      0.0349127            106    6.37221e-07           2444          17596
            0.005        13.3846      0.0357143             96    6.62178e-07           2501          18000
            0.005        13.1353      0.0356488             98    6.53116e-07           2491          17967
            0.005        13.1881      0.0352222            107    6.34572e-07           2478          17752
            0.005        13.0491      0.0354087             96    6.49739e-07           2487          17846
            0.005        12.8913      0.0338552             93    6.16803e-07           2374          17063
            0.005        13.7369      0.0370357            105    6.78421e-07           2588          18666
            0.005        13.4062      0.0371607            120    6.84035e-07           2592          18729
            0.005        12.5639      0.0338929             83     6.2337e-07           2380          17082
           0.0055        14.0033      0.0394583            131    7.31252e-07           2762          19887
           0.0055        14.0237       0.039746            139     7.2588e-07           2781          20032
           0.0055        13.5909      0.0378849            155    6.82067e-07           2640          19094
           0.0055         13.613      0.0400575            165    7.43415e-07           2806          20189
           0.0055        13.5146      0.0383671            129    7.06111e-07           2678          19337
           0.0055        13.3416      0.0383194             80    7.05662e-07           2676          19313
           0.0055        13.5803       0.039623             90    7.31155e-07           2766          19970
           0.0055         13.936      0.0393889            203    7.23275e-07           2752          19852
           0.0055        13.3646      0.0391488            101    7.10976e-07           2732          19731
           0.0055        13.3237      0.0383333            118    7.05552e-07           2697          19320
            0.006        15.1015      0.0441389            229     8.1396e-07           3065          22246
            0.006        14.5361      0.0434087             90    7.98902e-07           3018          21878
            0.006        14.9597      0.0424127            220    7.71872e-07           2953          21376
            0.006        14.7313      0.0431389            177    7.89368e-07           2992          21742
            0.006        14.3213      0.0424563            101    7.74207e-07           2960          21398
            0.006        14.2972      0.0441925            120     8.1172e-07           3075          22273
            0.006        14.0779      0.0423413            101    7.80636e-07           2952          21340
            0.006        14.9357      0.0420754            136    7.77572e-07           2938          21206
            0.006         14.805      0.0420635            120    7.83286e-07           2933          21200
            0.006         14.347      0.0423849            108     7.7645e-07           2954          21362
           0.0065        15.3602      0.0465179            162    8.50638e-07           3226          23445
           0.0065        16.1635      0.0457698            221    8.35221e-07           3180          23068
           0.0065        15.5037      0.0468413            223    8.61916e-07           3242          23608
           0.0065        15.2785       0.046121            277    8.42073e-07           3214          23245
           0.0065        15.1952      0.0464762            186    8.55151e-07           3227          23424
           0.0065         14.948      0.0458988            144     8.4565e-07           3194          23133
           0.0065        14.8001      0.0457401            142    8.37901e-07           3182          23053
           0.0065        14.9865       0.048129            109    8.82895e-07           3329          24257
           0.0065        14.8646      0.0468968            230    8.48051e-07           3257          23636
           0.0065        15.3714      0.0465496            121    8.51313e-07           3239          23461
            0.007        16.4472      0.0506548            234    9.30899e-07           3511          25530
            0.007        15.8259      0.0490615            130    8.99002e-07           3401          24727
            0.007        16.9217      0.0509583            249    9.23768e-07           3527          25683
            0.007          15.24      0.0488155            170    9.00665e-07           3396          24603
            0.007        15.3271      0.0496488            170    9.07605e-07           3430          25023
            0.007         15.165      0.0502599            183    9.04652e-07           3491          25331
            0.007        15.6905      0.0491508            211    9.02358e-07           3428          24772
            0.007        16.0408      0.0499861            165    9.00401e-07           3460          25193
            0.007        16.1966      0.0506151            252    9.14662e-07           3500          25510
            0.007        15.9767      0.0500496            268    9.02007e-07           3477          25225
           0.0075         17.264       0.054373            194    9.89181e-07           3773          27404
           0.0075        16.7347      0.0544921            262    9.96711e-07           3773          27464
           0.0075        17.3372      0.0543433            214    9.93502e-07           3763          27389
           0.0075        16.8174      0.0540853            219    9.86143e-07           3730          27259
           0.0075        17.2479      0.0547718            246     9.8988e-07           3796          27605
           0.0075        17.4629       0.053494            258    9.76054e-07           3690          26961
           0.0075        17.1821       0.053006            308     9.6452e-07           3673          26715
           0.0075        18.4066      0.0549187            312    9.98714e-07           3785          27679
           0.0075        16.6342      0.0537044            226    9.69997e-07           3712          27067
           0.0075        16.8003      0.0543631            207    9.89371e-07           3755          27399
            0.008        17.2808      0.0565972            154    1.03336e-06           3910          28525
            0.008        18.0769      0.0560754            235    1.03597e-06           3877          28262
            0.008        19.6362      0.0569187            391    1.02998e-06           3923          28687
            0.008        17.6303      0.0579444            268    1.04692e-06           3990          29204
            0.008        18.5438       0.058381            204    1.06513e-06           4014          29424
            0.008        19.9087       0.058369            431    1.04658e-06           4020          29418
            0.008        19.2003      0.0590575            408    1.07639e-06           4059          29765
            0.008        19.2271      0.0587282            455    1.06627e-06           4043          29599
