% fname: elevator_nodes_Elevator_nodes_scenarios_elevator_nodes_40_percent_txt__routing_xyz__sel_random__topology_4x4x4__traffic_transpose1__.m
% ./Elevator-First -elevator_nodes Elevator_nodes_scenarios/elevator_nodes_40_percent.txt -routing xyz -sel random -dimx 4 -dimy 4 -traffic transpose1  -sim 10000 -warmup 1000 -size 8 8 -buffer 4 

function [max_pir, max_throughput, min_delay] = elevator_nodes_Elevator_nodes_scenarios_elevator_nodes_40_percent_txt__routing_xyz__sel_random__topology_4x4x4__traffic_transpose1__(symbol)

data = [
%             pir      avg_delay     throughput      max_delay   total_energy       rpackets         rflits
            0.002        15.0554       0.014441            103    3.86306e-07           1173           8318
            0.002        15.0467      0.0140642             77    3.77057e-07           1135           8101
            0.002        14.1625      0.0139271             61    3.65155e-07           1126           8022
            0.002        14.6892      0.0133125             68    3.56513e-07           1081           7668
            0.002        14.7386      0.0140642             78    3.75856e-07           1140           8101
            0.002        14.8154      0.0139809             74    3.87077e-07           1127           8053
            0.002        14.9282      0.0144896             58    3.86626e-07           1170           8346
            0.002        14.6767      0.0146858             66    3.90603e-07           1194           8459
            0.002         14.814       0.013816             72    3.76441e-07           1118           7958
            0.002        14.3316      0.0140139             60    3.70694e-07           1131           8072
           0.0025        14.9173      0.0175642             68    4.66637e-07           1415          10117
           0.0025        15.0227      0.0179097             63    4.73894e-07           1451          10316
           0.0025        15.3213      0.0177778             71    4.72881e-07           1435          10240
           0.0025        15.0981      0.0172899             95    4.54208e-07           1396           9959
           0.0025        15.8202      0.0179028             91    4.80011e-07           1446          10312
           0.0025        15.7796      0.0176111             67    4.68334e-07           1420          10144
           0.0025        15.5952      0.0174583             85    4.66551e-07           1408          10056
           0.0025        15.5549      0.0172118             78    4.59554e-07           1393           9914
           0.0025        15.7125       0.018901             86    4.99697e-07           1527          10887
           0.0025        15.1198      0.0174531             53    4.61685e-07           1411          10053
            0.003        16.4351      0.0221545            105    6.00245e-07           1781          12761
            0.003         16.251      0.0211615             92    5.56362e-07           1709          12189
            0.003        16.3568      0.0218455             89    5.79084e-07           1749          12583
            0.003        16.2466      0.0212257             89    5.60805e-07           1703          12226
            0.003        16.0554      0.0206337             76    5.53408e-07           1662          11885
            0.003        16.7913      0.0214878            147    5.70452e-07           1720          12377
            0.003        16.5713      0.0213594            100    5.76557e-07           1710          12303
            0.003        16.7982      0.0205503            135    5.51731e-07           1655          11837
            0.003        16.1458      0.0207743             70    5.54036e-07           1667          11966
            0.003        16.7869      0.0210104            127    5.62095e-07           1689          12102
           0.0035        17.6701       0.025151            119    6.60794e-07           2013          14487
           0.0035        17.8598      0.0248819            114    6.76668e-07           1990          14332
           0.0035        17.2369      0.0257448            129    6.81497e-07           2064          14829
           0.0035        17.2631      0.0250694            143    6.59319e-07           2011          14440
           0.0035        17.8841      0.0246337            142    6.57678e-07           1975          14189
           0.0035        17.8591      0.0254774            201    6.82306e-07           2037          14675
           0.0035        17.9638      0.0238854            174    6.35323e-07           1905          13758
           0.0035        17.7122      0.0246892            145    6.53337e-07           1984          14221
           0.0035        18.0444      0.0255729            160     6.6673e-07           2050          14730
           0.0035        18.0385      0.0243802            179    6.52167e-07           1947          14043
            0.004         18.915      0.0287135            133    7.55312e-07           2294          16539
            0.004        18.8794      0.0293524            144     7.7921e-07           2338          16907
            0.004        18.3189      0.0270052            182    7.12719e-07           2170          15555
            0.004        18.3621      0.0280868            170    7.40884e-07           2240          16178
            0.004        19.4716      0.0277882            178    7.53127e-07           2220          16006
            0.004        19.6512       0.028908            160    7.71481e-07           2302          16651
            0.004        18.4579      0.0279931            193    7.45356e-07           2234          16124
            0.004        18.4159      0.0283854            124    7.56272e-07           2270          16350
            0.004        19.2707      0.0280208            140    7.48873e-07           2246          16140
            0.004        18.6172      0.0284688            168    7.43522e-07           2270          16398
           0.0045        19.9392      0.0307205            168     8.1525e-07           2436          17695
           0.0045        19.7964      0.0318455            124    8.46359e-07           2539          18343
           0.0045        21.0821      0.0321319            190    8.46813e-07           2547          18508
           0.0045        19.6707      0.0319826            161    8.33237e-07           2542          18422
           0.0045         20.974      0.0323229            159    8.56244e-07           2573          18618
           0.0045        21.2797      0.0323542            268    8.61025e-07           2571          18636
           0.0045        21.3046      0.0316007            416    8.26301e-07           2515          18202
           0.0045        23.0533      0.0327587            326    8.66606e-07           2610          18869
           0.0045         22.835       0.032184            478    8.41671e-07           2552          18538
           0.0045        22.4168      0.0323681            225    8.60674e-07           2555          18644
            0.005        21.8447      0.0351597            288    9.14885e-07           2782          20252
            0.005         20.801      0.0352031            166    9.21916e-07           2784          20277
            0.005        21.7872      0.0351458            165    9.11931e-07           2782          20244
            0.005         21.729      0.0356441            200    9.23986e-07           2845          20531
            0.005        23.7147      0.0354514            217    9.36966e-07           2808          20420
            0.005        23.5055      0.0347153            542    9.20333e-07           2750          19996
            0.005        21.1786      0.0351927            204    9.14704e-07           2794          20271
            0.005        25.5734      0.0367448            414    9.60784e-07           2900          21165
