% fname: elevator_nodes_Elevator_nodes_scenarios_elevator_nodes_84_percent_with_pillar_txt__routing_xyz__sel_random__topology_4x4x4__traffic_transpose1__.m
% ./Elevator-First -elevator_nodes Elevator_nodes_scenarios/elevator_nodes_84_percent_with_pillar.txt -routing xyz -sel random -dimx 4 -dimy 4 -traffic transpose1  -sim 10000 -warmup 1000 -size 8 8 -buffer 4 

function [max_pir, max_throughput, min_delay] = elevator_nodes_Elevator_nodes_scenarios_elevator_nodes_84_percent_with_pillar_txt__routing_xyz__sel_random__topology_4x4x4__traffic_transpose1__(symbol)

data = [
%             pir      avg_delay     throughput      max_delay   total_energy       rpackets         rflits
           0.0001        19.0588     0.00120202             32    2.60753e-08             51            357
           0.0001        18.0984     0.00115989             36    2.55189e-08             61            428
           0.0001        19.4068     0.00117664             32    2.85808e-08             59            413
           0.0001        17.7455     0.00118827             32    2.47757e-08             55            385
           0.0001        17.8966     0.00108672             33    2.60324e-08             58            401
           0.0001        17.8654     0.00109009             32    2.29162e-08             52            363
           0.0001        17.3636     0.00113704             32    1.99488e-08             44            307
           0.0001        18.0377     0.00111411             32    2.48689e-08             53            371
           0.0001        19.3846     0.00126389             45    3.15512e-08             65            455
           0.0001        19.3188      0.0012197             32    3.39631e-08             69            483
           0.0003        20.6949     0.00232957             57     8.9893e-08            177           1237
           0.0003        19.7711      0.0021439             55    7.72999e-08            166           1177
           0.0003         18.038     0.00216179             42    7.09848e-08            158           1109
           0.0003        19.5026     0.00242504             46    9.32601e-08            195           1375
           0.0003        19.3778     0.00238983             45    8.40749e-08            180           1269
           0.0003        19.1693     0.00234921             49    8.92648e-08            189           1332
           0.0003        19.1818     0.00251971             44    8.84705e-08            198           1406
           0.0003          19.81     0.00256102             60    9.14448e-08            200           1406
           0.0003        18.9623     0.00207778             45    7.76657e-08            159           1122
           0.0003        19.5344     0.00245926             45     8.7322e-08            189           1328
           0.0005        19.9354     0.00327513             49    1.29543e-07            263           1857
           0.0005        21.4578     0.00380035             62    1.51918e-07            308           2189
           0.0005        20.3333     0.00332796             71    1.31113e-07            261           1857
           0.0005        20.0128     0.00382292             53    1.48555e-07            313           2202
           0.0005         20.682     0.00347049             62    1.38634e-07            283           1999
           0.0005        19.8566     0.00340437             58    1.29444e-07            265           1869
           0.0005        20.1719     0.00358423             51    1.36946e-07            285           2000
           0.0005        20.2542     0.00368078             62    1.39823e-07            295           2087
           0.0005        20.1848     0.00376896             61     1.4086e-07            303           2137
           0.0005        19.5741     0.00330208             62    1.30833e-07            270           1902
           0.0007        20.3484     0.00494618             84    1.81055e-07            399           2849
           0.0007         21.171     0.00517014             59    1.97972e-07            421           2978
           0.0007        21.3318     0.00517014             63    2.05238e-07            422           2978
           0.0007        21.8828     0.00494792             76    1.98285e-07            401           2850
           0.0007        22.2137      0.0047037             67    1.92328e-07            379           2667
           0.0007        20.6768     0.00482465             58    1.86054e-07            393           2779
           0.0007         20.855     0.00479687             63    1.89242e-07            393           2763
           0.0007         21.359     0.00463368             60    1.83825e-07            376           2669
           0.0007         20.477     0.00481771             62    1.80601e-07            392           2775
           0.0007          21.26     0.00492535             63    1.95161e-07            400           2837
           0.0009         22.475     0.00615625             72    2.46371e-07            501           3546
           0.0009        23.2078     0.00628125             85     2.5122e-07            510           3618
           0.0009        22.6983     0.00647917             81    2.56008e-07            527           3732
           0.0009        21.9485      0.0059566             81    2.36432e-07            485           3431
           0.0009        21.4294     0.00637847             76    2.37836e-07            517           3674
           0.0009        23.8755     0.00621528             91    2.49697e-07            506           3580
           0.0009        21.4527     0.00594965             80    2.27656e-07            486           3427
           0.0009        25.1645      0.0065816            186    2.54321e-07            535           3791
           0.0009        21.8836     0.00642187             75    2.50288e-07            524           3699
           0.0009        22.6317     0.00640625             76    2.47176e-07            524           3690
           0.0011        22.9439     0.00765799             96    2.99049e-07            624           4411
           0.0011        25.1586     0.00799306            106    3.09763e-07            643           4604
           0.0011        24.0661     0.00769271            105      2.958e-07            620           4431
           0.0011        22.8419     0.00763542             69    2.93574e-07            620           4398
           0.0011        22.4679     0.00732639            123    2.71429e-07            592           4220
           0.0011        23.5498     0.00792014             79    3.00395e-07            642           4562
           0.0011        24.3371     0.00760243            110    2.99564e-07            617           4379
           0.0011        23.7326     0.00704688            108    2.82156e-07            576           4059
           0.0011         23.361     0.00717361            103    2.86066e-07            579           4132
           0.0011        23.4108     0.00734896             80    2.95615e-07            594           4233
           0.0013         25.632     0.00904167            102    3.56894e-07            731           5208
           0.0013        25.9877     0.00907292            130    3.45748e-07            730           5226
           0.0013        28.1132     0.00947743            390    3.51526e-07            760           5459
           0.0013        25.6058     0.00895833            106    3.51779e-07            728           5160
           0.0013        25.1852     0.00926215            107    3.59481e-07            745           5335
           0.0013        25.0411     0.00902431            176    3.46347e-07            730           5198
           0.0013        24.5566     0.00904167            190    3.46318e-07            733           5208
