% fname: elevator_nodes_Elevator_nodes_scenarios_elevator_nodes_84_percent_with_pillar_txt__routing_xyz__sel_random__topology_4x4x4__traffic_random__.m
% ./Elevator-First -elevator_nodes Elevator_nodes_scenarios/elevator_nodes_84_percent_with_pillar.txt -routing xyz -sel random -dimx 4 -dimy 4 -traffic random  -sim 10000 -warmup 1000 -size 8 8 -buffer 4 

function [max_pir, max_throughput, min_delay] = elevator_nodes_Elevator_nodes_scenarios_elevator_nodes_84_percent_with_pillar_txt__routing_xyz__sel_random__topology_4x4x4__traffic_random__(symbol)

data = [
%             pir      avg_delay     throughput      max_delay   total_energy       rpackets         rflits
            0.001        15.3142     0.00751736             54    2.24344e-07            611           4330
            0.001        15.2291     0.00675868             56    2.06797e-07            550           3893
            0.001        14.9233      0.0070625             60    2.06077e-07            574           4068
            0.001        15.6291     0.00713228             56    2.12931e-07            577           4044
            0.001         15.439     0.00677431             53    2.07005e-07            549           3902
            0.001        15.0193     0.00702257             61    2.06947e-07            570           4045
            0.001        15.9912     0.00700347             67    2.14286e-07            569           4034
            0.001        15.7677     0.00661632             55    1.99047e-07            538           3811
            0.001        15.6758      0.0067066             62    2.01605e-07            549           3863
            0.001        15.5324     0.00736111             81    2.16343e-07            601           4240
           0.0015         17.214        0.01075            100    3.21193e-07            869           6192
           0.0015         17.205       0.010684             85    3.21029e-07            873           6154
           0.0015        15.7878     0.00978646             72    2.94392e-07            787           5637
           0.0015        16.5959      0.0103628             72    3.07418e-07            839           5969
           0.0015        16.0324      0.0105712             78    3.18371e-07            863           6089
           0.0015         16.148      0.0102396             56    3.06713e-07            838           5898
           0.0015        16.5335      0.0107344             86    3.17917e-07            866           6183
           0.0015        16.7891      0.0103455             68    3.19465e-07            844           5959
           0.0015        16.8676      0.0108403             71    3.19625e-07            876           6244
           0.0015        16.3297      0.0103368             67    3.08529e-07            834           5954
            0.002        17.5685      0.0144063            109    4.17373e-07           1161           8298
            0.002        17.6892       0.014566             80     4.3214e-07           1181           8390
            0.002        16.8992      0.0137188             74    4.03116e-07           1111           7902
            0.002        18.0758      0.0146441             76    4.35001e-07           1187           8435
            0.002        17.9421      0.0133837             86      4.044e-07           1088           7709
            0.002        19.0291      0.0145087             99    4.38133e-07           1167           8357
            0.002        17.1951      0.0136441             81    4.07377e-07           1107           7859
            0.002        17.5534      0.0141215            106    4.22576e-07           1142           8134
            0.002        17.9215      0.0140694             91    4.13098e-07           1134           8104
            0.002        18.5543      0.0136372            113    4.18224e-07           1104           7855
           0.0025        19.9865      0.0184462            128    5.46057e-07           1486          10625
           0.0025        19.3776      0.0176562            129    5.17196e-07           1417          10170
           0.0025        19.4735       0.017283            130    5.05828e-07           1394           9955
           0.0025        18.3362      0.0170642             95    5.04387e-07           1377           9829
           0.0025        20.7853      0.0182552            155    5.40255e-07           1467          10515
           0.0025        21.2404      0.0188611            125      5.602e-07           1510          10864
           0.0025        19.6231      0.0172274            159    5.12373e-07           1393           9923
           0.0025        19.8602      0.0173212            166     5.1842e-07           1395           9977
           0.0025        19.7129      0.0177917            123    5.43394e-07           1428          10248
           0.0025        20.0644      0.0180052            155    5.46356e-07           1443          10371
            0.003        23.5661      0.0212066            203    6.34757e-07           1703          12215
            0.003        22.3335      0.0219514            251    6.47078e-07           1748          12644
            0.003        21.0018      0.0207292            141    6.09002e-07           1660          11940
            0.003        20.6581        0.02075            128    6.08501e-07           1664          11952
            0.003        22.0324      0.0207274            243    6.04865e-07           1666          11939
            0.003        21.8864      0.0212795            154    6.24876e-07           1708          12257
            0.003        22.1707      0.0206528            207     6.2706e-07           1652          11896
            0.003        21.4502      0.0214097            123    6.32419e-07           1717          12332
            0.003        23.2429      0.0216059            227    6.34502e-07           1729          12445
            0.003        21.3098      0.0213924            154    6.20778e-07           1711          12322
           0.0035        27.0127      0.0267708            363     7.7899e-07           2127          15420
           0.0035        27.4347      0.0253594            368    7.64329e-07           2015          14607
           0.0035        26.6227      0.0246215            282    7.18198e-07           1948          14182
           0.0035        31.2702      0.0254514            385    7.42736e-07           2017          14660
           0.0035        23.1523      0.0239323            252    7.09301e-07           1911          13785
           0.0035        27.0892      0.0260747            382    7.71532e-07           2063          15019
           0.0035        24.6233      0.0241458            217    7.27108e-07           1930          13908
           0.0035         28.751      0.0245521            267    7.43321e-07           1952          14142
           0.0035        24.9754      0.0249878            213    7.34142e-07           1988          14393
           0.0035        26.5772      0.0254149            355    7.46441e-07           2020          14639
            0.004        29.8372       0.029026            244    8.53594e-07           2309          16719
            0.004        38.9678      0.0286736            715    8.32901e-07           2265          16516
            0.004        33.5807      0.0283281            388    8.35503e-07           2249          16317
            0.004        60.9234      0.0309635           1303    9.07484e-07           2416          17835
            0.004        37.5062      0.0293767            376    8.52582e-07           2323          16921
            0.004        42.8286      0.0297552           1016    8.78305e-07           2340          17139
            0.004        34.8106      0.0290642            376    8.54922e-07           2297          16741
